# Created by Octave 3.2.3, Wed Feb 23 13:50:56 2011 CET <julian@hepdepaddel>
# name: averageRunTime
# type: matrix
# rows: 1
# columns: 9
 0.03993091196753085 0.05557605950161815 0.0762630047975108 0.09802793769631535 0.121494994382374 0.1454178927233443 0.1727348909480497 0.1949330340139568 0.2193030165508389
# name: averageIteration
# type: matrix
# rows: 1
# columns: 9
 5 5 5 5 5 5 5 5 5
# name: averageL2Error
# type: matrix
# rows: 1
# columns: 9
 0.4793544749851304 0.3589068365123156 0.3856803485988283 0.3889107979788247 0.3228291836137017 0.3743191207758357 0.3116669246549865 0.3845737229751988 0.3303364874501192
